

99 92 77 87 84 80 90 96 94 83 97 82 93 98 95 86 652 859 91 88 89 719 79 85 169 81 6 715 78 49 217 

786 787 783 626 780 801 136 793 794 788 790 791 785 781 795 784 802 779 778 789 799 792 798 782 796 800 797 
913 902 909 808 915 907 976 911 903 906 904 908 138 979 914 910 530 180 905 912 

487 501 493 486 289 497 485 646 269 489 551 491 498 495 488 494 483 490 202 492 499 500 484 482 496 502 211 245 

65 72 59 53 275 73 68 887 58 62 76 741 64 913 70 69 66 71 63 561 75 61 


470 466 456 480 467 477 469 475 473 472 479 468 458 471 457 474 800 464 843 465 459 460 572 463 461 96 422 916 432 481 250 222 963 773 476 302 559 551 922 85 478 462 125 188 271 
942 949 946 941 957 951 945 944 426 937 938 953 440 958 950 777 940 943 956 396 955 675 947 939 337 954 952 
563 568 562 559 554 577 560 578 575 557 569 277 572 564 565 566 118 553 571 558 985 570 728 567 556 555 576 573 561 394 667 63 574 26 532 821 686 876 803 720 809 137 




186 203 197 449 730 187 201 200 196 587 189 193 636 204 871 77 202 715 191 205 192 195 190 198 185 194 188 199 863 726 921 813 724 116 826 
299 306 225 312 310 900 300 298 316 810 305 311 301 314 307 858 302 313 605 315 304 309 308 303 637 523 
970 974 975 977 216 961 964 960 972 747 959 967 966 969 973 976 971 110 683 962 963 767 608 433 536 336 689 968 779 788 952 240 






711 704 721 724 634 723 714 709 712 716 717 719 697 713 451 975 720 707 583 706 718 708 913 705 800 680 968 715 762 923 710 147 943 887 167 946 722 
741 731 744 756 749 740 743 739 733 742 750 755 725 734 635 726 758 748 936 730 752 746 729 754 735 732 751 355 61 541 737 39 4 738 757 671 72 745 753 747 416 947 415 425 411 417 418 420 703 371 426 428 412 423 695 6 430 429 413 154 424 427 387 421 410 414 
294 413 422 154 420 418 428 314 411 430 426 410 543 416 414 424 429 415 417 427 421 141 412 387 119 425 6 419 988 423 245 288 579 81 344 703 884 812 

291 274 271 283 272 290 16 295 558 288 284 281 279 294 273 270 293 70 40 282 286 276 79 285 289 287 493 292 296 280 277 297 796 278 275 107 302 828 861 848 843 829 855 840 661 857 838 844 854 852 851 836 846 837 827 850 831 824 856 587 326 832 834 830 842 849 839 853 826 835 833 
845 849 825 852 833 832 848 857 841 842 830 839 856 840 844 847 837 828 835 961 827 850 826 843 834 855 703 831 846 854 829 587 696 853 858 851 838 861 164 824 886 145 962 836 407 326 661 206 217 106 174 948 386 667 309 130 322 325 342 679 318 332 335 334 323 339 340 341 245 736 324 320 328 329 338 330 333 321 327 331 
333 325 340 339 323 332 334 321 327 335 330 326 245 320 679 318 329 736 324 317 322 331 328 338 342 341 337 336 495 240 99 67 518 709 604 564 462 683 
639 640 656 651 662 657 641 644 658 537 654 647 648 332 642 643 502 659 936 652 660 661 645 653 650 679 655 646 674 74 157 377 649 234 
462 12 2 11 8 1 10 13 3 9 7 4 5 682 776 6 624 
449 453 438 440 900 455 435 437 445 433 439 450 443 434 447 454 448 442 441 290 431 436 451 432 65 446 444 452 382 144 708 
69 443 451 433 431 440 448 437 290 434 439 441 432 450 449 447 454 445 444 453 435 442 455 748 438 436 446 452 735 949 14 382 754 708 65 144 900 233 305 19 781 711 57 531 529 541 530 542 546 527 548 528 550 533 110 539 547 532 534 525 544 526 540 545 552 535 492 423 543 549 
530 529 525 533 535 548 531 541 552 545 527 539 528 492 540 550 532 423 547 542 544 543 546 526 549 110 538 534 488 93 716 551 537 320 487 158 536 45 

628 625 630 632 254 631 636 623 629 634 633 638 622 626 
254 628 630 631 633 622 638 636 284 634 632 623 626 629 625 
605 478 611 616 619 613 86 614 608 610 604 607 617 108 620 615 603 306 606 618 


602 591 584 583 593 594 586 582 585 633 904 929 838 597 579 581 589 595 598 587 588 599 596 600 699 590 621 580 601 592 

633 596 587 265 621 597 588 805 584 691 580 694 68 583 585 600 593 327 602 591 590 343 582 851 594 838 598 586 346 929 601 581 699 599 592 589 199 536 27 332 835 951 579 113 495 861 791 796 166 904 595 275 72 71 244 73 75 565 505 

135 124 139 134 130 137 983 133 140 869 767 132 782 129 127 141 216 142 136 128 126 865 123 125 138 131 



391 409 399 408 595 395 405 887 401 392 398 400 534 393 397 402 147 406 404 909 151 396 509 759 403 879 580 407 512 233 394 
255 267 250 262 252 258 269 247 244 260 264 181 246 266 261 256 797 268 257 249 259 248 243 263 245 380 254 265 296 991 77 897 615 313 190 251 
231 235 242 237 236 228 233 817 241 238 230 239 226 232 227 234 229 482 721 240 766 698 924 636 979 705 965 302 355 366 57 655 
873 880 863 866 872 867 862 875 871 865 877 860 864 861 868 878 137 869 663 874 876 870 
1000 992 988 990 755 989 997 993 609 982 980 996 999 979 987 419 998 434 983 727 981 978 781 986 991 812 995 984 71 340 994 985 513 
873 872 869 868 48 860 542 861 880 876 874 864 875 892 923 579 865 877 878 862 867 870 879 603 106 215 871 362 866 646 863 859 663 137 601 


379 385 615 373 387 374 313 386 375 382 383 378 388 372 376 389 952 381 431 384 390 380 548 305 965 728 884 425 
509 520 708 505 517 518 504 506 959 503 528 513 946 515 514 915 512 519 511 524 540 510 521 508 711 522 507 293 341 516 
688 681 675 669 686 679 90 670 684 668 680 666 309 671 677 678 687 685 689 672 667 674 663 664 676 673 683 792 771 338 763 682 901 665 238 
508 516 518 510 519 517 514 540 506 153 509 507 521 504 503 513 524 520 515 293 915 522 511 505 528 711 512 959 708 946 

