-0.2093006272387963
0.45337291103881766
-0.09763724449771825
-0.02156626688977751
-0.07563975374921887
-0.09409871493477485
-0.3529053400613079
0.46297551306408213
-0.1837688696550551
0.2645981266685159
0.39121119882549654
-0.2244670799758481
-0.13609519456998553
-0.09177340231197806
-0.14668707997702005
-0.322541999266518
-0.1300358186483163
0.14700633924912482
-0.015413024263686386
0.002251265779993009
0.24075598215925403
0.48434882697727427
-0.03376988888141613
0.1352801549546534
-0.26947908296763523
-0.10204143297738828
-0.058180967025342735
-0.122540084480756
0.44974700586814464
-0.060613140008088616
-0.0275887389456805
-0.08209860814219383
-0.6536974554575292
-0.5354563559752203
-0.07895246643922083
-0.010680568117197335
0.21017342103725023
0.34161224937299867
0.4933231757205555
-0.058934028649635074
0.20379895031884193
0.014289847052815472
0.09912940613025378
0.14422811874994867
-0.4491021062291128
