0.7767537177799838
0.6896457228588196
0.6907147364011318
0.828638225618
0.8970496762586175
0.951819944325047
0.9453788432593403
0.8970394131473649
0.5971309786664633
0.9197228908090405
0.8507155561220833
0.7748797382018701
0.7577630973799805
0.974462887978824
0.8458369435507022
0.8244810371178397
0.9579396469446514
0.8357951155113006
0.9638431165947365
0.9498758569002443
0.9469414102490757
0.9740203320312283
0.9475491123691097
0.9142880767754831
0.9625778640563037
0.9189142206757874
0.9226032141346348
0.8429978859391006
0.9881422571722922
0.9724153395835512
0.9485562844075964
0.9940107220469324
0.9809958090981685
0.6723079608114529
0.4958769886353585
0.6834783397542925
0.8876272857207442
0.8004336871624808
0.994612185586474
0.9458072235192889
0.997653261663396
0.9731902423244182
0.9721262334818194
0.7695206171202825
0.8085260836375306
