1 2 3 4 5 7 8 9 10 11 12 13 14 776 777 6 462 477 624 682 790 788 38 89 837 865 941 996 
7 28 34 37 39 15 16 17 20 21 24 25 27 29 30 31 32 33 35 36 38 40 41 42 354 436 498 624 646 732 803 22 18 19 23 88 319 404 672 26 842 885 891 587 573 948 496 179 615 331 687 811 851 741 281 85 863 222 261 427 559 595 913 718 790 543 
43 44 45 46 47 48 49 50 51 52 53 54 55 56 217 845 991 65 400 556 740 762 959 244 404 722 114 131 376 858 147 352 462 936 609 145 212 571 691 421 185 973 195 477 378 394 38 509 754 758 854 
53 65 74 57 58 63 64 72 883 59 60 61 62 66 67 68 69 70 71 73 76 89 561 75 80 599 275 725 920 716 484 185 913 741 887 40 420 904 427 536 671 563 569 667 788 845 871 
6 99 859 49 77 81 87 91 98 715 78 82 84 85 86 88 89 92 93 94 97 79 80 83 90 96 181 436 719 95 889 195 670 649 652 217 169 661 619 651 775 917 
38 106 100 101 102 103 104 107 108 109 111 112 113 114 115 117 119 120 121 122 430 930 105 110 116 118 856 854 932 337 339 637 546 417 732 683 871 988 962 913 675 262 123 281 335 340 496 763 847 40 
53 126 139 68 131 123 124 127 128 129 130 132 133 134 137 140 141 142 216 638 125 135 136 138 782 865 869 417 225 477 336 884 841 382 281 230 767 623 779 765 422 349 379 541 579 615 707 987 994 
27 161 35 74 152 143 144 145 146 147 148 149 150 151 153 154 155 157 159 160 162 163 165 166 167 313 414 905 156 164 303 388 655 683 158 168 254 627 795 984 808 492 705 249 404 478 579 965 108 106 410 541 877 244 294 682 483 373 533 583 616 602 664 703 733 838 979 986 
115 169 181 182 920 141 375 158 175 101 170 171 172 173 174 176 177 178 180 184 319 672 852 916 183 358 592 746 847 990 92 179 707 948 887 377 505 534 380 884 736 810 977 216 855 302 650 544 277 630 14 422 538 753 779 
76 190 191 199 201 96 197 137 185 195 198 161 188 192 587 685 730 747 179 116 193 194 196 871 187 189 200 203 204 205 574 826 186 726 813 692 292 449 635 862 338 921 357 691 202 715 721 332 636 77 863 276 362 621 724 81 931 
18 208 211 213 215 218 221 38 210 220 222 225 127 219 138 151 122 278 206 207 209 223 224 370 212 214 217 462 832 870 877 216 78 147 294 499 825 604 430 394 419 451 816 229 340 382 513 523 579 663 
27 235 237 38 232 57 110 227 236 242 965 168 190 230 238 239 302 721 208 229 216 233 226 228 231 234 241 698 240 870 552 686 785 863 636 482 705 366 595 626 924 766 979 655 700 355 583 696 817 975 
77 243 244 247 250 252 260 181 253 256 258 264 190 255 259 262 449 797 240 595 246 249 251 254 263 265 266 267 268 296 245 261 444 615 248 257 457 745 313 269 380 636 897 991 309 398 633 512 616 286 281 307 324 448 473 493 588 634 660 168 665 931 961 965 973 
16 273 274 281 282 289 292 293 38 287 40 284 290 294 295 493 70 271 272 277 278 279 280 291 302 79 270 276 283 286 296 879 100 107 18 285 288 297 768 275 299 580 796 558 351 978 151 449 738 747 463 482 380 474 477 523 600 922 
1 315 136 316 225 306 298 217 299 301 303 304 305 307 310 311 312 314 548 900 300 308 309 313 526 931 78 302 523 637 478 761 810 470 427 509 699 858 329 530 185 229 519 579 384 382 494 543 785 
6 320 324 328 67 318 331 332 339 342 99 329 122 123 151 326 161 338 245 325 604 683 247 323 317 319 321 322 333 334 335 337 340 341 763 240 495 948 327 330 518 492 679 336 722 736 810 462 564 686 648 480 520 402 484 664 493 737 828 838 
6 351 29 361 68 346 350 870 81 352 356 359 360 365 369 115 345 279 324 344 357 774 331 354 339 342 366 343 347 349 353 355 362 363 364 367 368 371 592 977 348 370 477 913 358 416 696 475 596 840 423 755 952 686 790 621 844 773 789 667 979 
141 377 167 389 390 884 210 995 285 952 305 308 313 372 373 374 381 386 503 375 376 383 385 337 620 379 382 384 387 690 378 380 891 388 425 548 728 790 965 240 513 409 477 758 395 335 431 502 427 433 615 
120 397 151 391 392 398 399 400 402 403 406 408 759 154 233 401 407 147 393 395 396 405 409 509 534 595 580 394 404 879 86 821 155 650 887 909 305 512 508 518 589 641 228 
6 245 344 411 417 425 427 429 884 35 430 81 412 420 592 119 734 141 413 579 154 428 184 401 423 288 418 424 294 314 410 415 419 422 994 371 414 421 387 196 426 493 695 703 543 416 812 988 179 463 138 529 679 901 
14 439 19 382 435 444 445 447 450 28 437 438 446 57 431 433 442 452 65 454 69 443 448 78 455 144 400 434 233 441 239 290 440 453 652 305 432 436 451 711 768 735 981 748 449 667 781 754 708 743 263 908 700 174 362 779 505 900 950 1000 
85 457 464 468 471 86 456 96 480 481 125 222 460 461 469 472 475 478 479 184 473 477 188 459 467 474 607 219 458 250 922 279 465 302 386 387 963 422 432 116 843 463 466 476 512 800 470 462 551 825 916 559 773 11 941 987 147 818 511 587 
202 483 484 490 492 495 211 494 245 496 500 253 498 269 487 497 501 288 289 26 485 499 395 437 486 439 488 482 489 262 491 502 551 493 638 660 50 646 619 627 718 
14 505 508 518 523 125 153 507 514 162 522 170 511 279 506 293 512 519 520 521 370 390 503 509 510 515 516 524 540 915 923 959 504 513 517 946 338 528 708 847 297 332 881 667 752 900 964 1000 736 891 965 172 472 196 711 334 492 534 595 718 786 835 879 948 
3 535 45 538 832 93 320 525 527 528 531 533 539 542 548 550 592 104 110 526 529 158 532 534 537 541 195 552 211 545 340 616 487 543 488 546 547 994 492 530 536 540 549 544 551 780 965 716 943 892 803 790 917 952 
26 554 557 560 570 572 35 118 104 561 562 565 567 568 569 571 573 574 577 578 803 137 173 563 281 575 285 558 308 394 466 507 553 524 532 576 538 555 564 566 277 556 559 686 720 821 985 649 728 526 764 456 586 784 870 905 265 996 
27 581 586 68 588 596 597 84 113 594 166 585 851 199 583 599 244 265 601 275 590 327 490 564 580 584 602 929 332 593 838 476 495 505 536 708 541 589 565 579 582 587 591 598 600 936 951 592 633 699 835 796 871 904 595 791 892 621 861 561 948 
86 604 606 612 615 617 100 608 108 610 618 216 496 238 247 268 619 285 293 620 306 605 402 603 478 148 611 613 607 573 609 614 779 616 715 717 32 929 811 229 633 532 621 803 869 956 
32 624 625 627 632 660 106 635 766 198 284 254 446 622 623 628 629 631 630 637 296 638 825 329 634 365 408 636 437 633 476 533 215 557 605 621 626 42 816 217 977 704 718 242 958 643 817 886 927 
74 639 641 657 659 132 650 157 656 265 654 279 646 658 332 389 647 371 377 537 643 649 652 662 653 661 404 642 645 502 609 640 644 651 648 542 559 655 660 679 936 162 674 586 925 962 860 911 6 697 234 
70 674 678 682 687 90 681 125 664 685 229 238 243 667 668 669 673 309 330 666 771 338 671 526 675 541 592 684 595 663 670 676 677 680 686 688 665 672 689 679 901 53 683 569 475 792 808 851 913 61 736 697 763 936 
112 690 168 604 691 177 620 700 702 244 742 297 698 433 695 703 449 487 694 701 997 465 816 549 696 596 716 692 693 699 739 811 697 188 329 369 573 38 876 
81 723 147 709 717 720 167 722 259 706 710 279 715 322 394 451 704 707 718 583 680 762 913 697 716 705 708 711 712 714 721 800 968 975 713 724 719 887 923 215 107 885 860 938 
4 67 727 737 739 741 748 749 754 53 756 74 735 752 99 731 743 115 751 132 189 462 750 230 736 755 342 355 725 728 733 757 962 415 726 732 746 753 767 416 738 740 744 433 436 476 734 541 730 635 745 782 655 663 683 729 715 716 742 747 758 947 936 565 538 614 316 860 879 950 
40 408 759 762 763 765 766 769 770 773 774 65 208 764 768 775 184 777 243 375 776 493 524 761 771 649 665 760 772 845 336 669 767 920 482 989 
61 791 796 66 797 85 783 784 786 790 801 136 626 778 779 225 789 248 277 293 782 300 793 308 55 341 792 800 313 489 780 798 794 787 802 534 305 560 576 984 781 990 788 799 785 866 795 833 6 27 537 605 920 596 991 179 
16 804 806 807 817 26 813 815 96 451 809 107 803 805 811 814 824 185 233 259 593 632 816 278 818 823 833 282 288 812 820 860 300 303 565 819 821 822 898 332 348 808 879 358 395 408 455 485 878 488 533 106 746 782 696 810 596 289 555 225 319 296 663 855 
4 844 19 437 828 831 835 848 850 851 855 106 827 837 839 840 852 857 898 145 838 843 854 153 829 164 826 830 841 846 858 166 832 174 845 206 825 217 226 261 309 847 365 386 842 407 479 535 551 833 853 552 587 849 667 696 703 749 340 824 834 836 856 962 661 861 877 886 633 948 251 193 927 968 
42 860 48 362 542 862 867 869 871 872 874 877 878 923 64 663 876 88 875 106 868 873 137 859 880 185 866 215 382 386 879 447 533 865 579 601 870 603 646 847 863 864 449 892 861 578 689 912 
18 893 19 272 882 883 886 890 895 898 69 164 202 782 881 892 896 897 215 899 238 665 885 889 302 395 403 394 894 863 465 891 467 649 888 817 132 887 884 195 348 719 768 940 
93 910 101 132 903 908 931 999 138 901 902 907 914 976 152 158 900 180 906 911 915 200 449 477 904 530 979 536 562 913 627 693 722 912 733 781 790 808 859 977 905 909 34 831 86 
23 422 916 921 928 82 918 96 927 933 934 151 253 925 926 164 923 202 245 548 497 917 264 919 922 283 930 362 747 408 419 539 929 932 698 526 931 651 669 753 920 924 985 785 852 936 685 935 991 240 44 247 951 955 
120 335 937 938 952 139 278 396 943 956 168 950 188 942 197 951 957 296 939 945 953 955 958 313 336 667 337 940 947 954 400 426 153 800 949 438 941 440 508 518 656 907 946 944 675 777 836 895 948 707 779 810 901 918 521 
110 216 961 970 156 964 973 976 168 977 536 952 959 963 972 974 240 966 975 253 683 272 971 336 576 689 962 967 493 518 779 960 433 968 969 649 747 767 608 780 788 849 853 858 965 697 66 275 893 929 
65 991 71 980 124 983 138 982 998 340 755 981 984 986 990 993 994 999 1000 379 997 419 132 781 988 989 992 996 434 484 979 505 985 535 987 561 595 609 978 619 166 995 667 699 727 730 680 812 925 513 396 275 527 
