231 804 204 635 
283 290 317 314 298 306 287 284 309 930 440 302 310 292 304 311 297 288 299 278 295 305 312 301 286 280 296 291 966 905 116 293 307 319 47 285 300 316 279 453 289 308 829 313 972 331 315 348 724 281 282 584 25 54 869 318 303 141 345 30 294 150 39 895 346 450 788 339 775 516 615 
701 41 37 928 
166 194 196 179 814 192 161 178 189 188 157 156 185 941 818 600 170 286 184 732 177 195 602 449 757 175 176 180 174 191 160 183 193 186 190 159 171 23 162 172 182 163 404 61 582 165 187 169 559 796 158 181 283 968 914 173 437 843 38 84 13 168 164 831 470 167 743 1 505 67 475 373 959 864 780 434 599 200 130 477 279 588 110 452 590 619 103 417 516 485 433 676 576 263 428 154 851 212 305 245 307 232 
422 424 418 446 420 425 436 419 437 824 445 433 439 444 421 426 438 700 443 103 303 429 434 432 894 428 430 600 836 452 441 451 450 427 447 448 435 850 694 440 966 423 449 431 417 856 644 442 825 265 207 803 391 165 236 933 268 469 68 15 883 496 146 906 563 145 136 462 781 
716 498 719 728 739 65 234 738 20 726 742 18 741 723 740 735 88 737 920 815 715 720 732 727 550 744 733 755 729 743 736 734 730 943 999 540 344 
697 461 489 486 482 455 464 474 479 460 483 480 478 454 471 465 887 873 490 458 981 487 462 24 484 463 475 738 567 459 488 467 468 473 476 741 481 472 470 453 456 457 485 102 714 466 167 95 929 740 516 187 236 675 763 808 353 984 346 469 519 477 186 98 370 114 962 140 383 612 169 584 573 947 632 141 815 118 717 708 18 676 665 797 935 517 692 787 831 96 154 995 61 986 22 891 595 938 678 398 630 325 86 534 268 271 254 690 195 553 183 315 792 493 502 389 991 711 713 54 280 526 85 270 906 176 180 602 172 941 726 523 973 510 286 996 987 565 542 531 494 100 
661 960 936 952 944 923 942 939 951 194 925 55 931 949 941 954 955 956 958 930 934 928 963 920 943 932 921 448 938 947 940 501 918 935 957 950 961 732 56 406 937 946 964 953 922 296 500 965 327 644 929 959 765 948 945 924 600 933 966 464 919 238 434 926 927 908 962 158 234 787 236 703 391 494 540 445 177 740 293 901 106 825 808 476 411 365 672 466 298 98 899 912 429 916 917 885 459 173 235 725 312 678 769 175 163 170 972 704 495 294 291 205 426 252 419 249 214 864 719 513 496 730 720 226 321 716 737 519 441 498 150 339 514 
113 142 120 126 119 129 153 151 373 115 147 125 443 133 973 144 123 132 169 350 148 116 134 140 138 739 121 155 139 137 135 146 122 199 937 329 118 994 805 124 131 530 128 855 521 258 152 145 12 130 457 136 72 695 143 127 114 573 421 154 117 150 863 358 141 520 399 842 149 741 266 372 541 725 687 485 94 225 253 447 659 339 375 318 860 351 385 632 319 282 713 20 555 18 363 791 877 927 737 300 352 454 847 678 413 888 567 917 991 615 433 841 809 160 561 849 861 565 438 955 921 970 
990 980 978 969 993 977 982 970 502 584 967 991 464 657 975 985 613 989 983 994 999 988 164 992 987 996 973 979 477 974 998 1000 981 683 984 997 995 986 972 715 860 976 865 971 141 485 148 968 247 630 341 889 578 399 911 103 353 698 934 24 53 432 104 168 591 132 726 
317 217 223 201 203 198 200 228 405 932 378 202 213 204 910 214 215 896 233 218 717 221 227 695 205 232 208 216 231 386 343 209 618 224 230 219 684 226 210 235 229 207 197 800 740 222 211 546 199 633 642 53 757 945 206 220 225 792 162 643 346 651 234 528 212 683 958 297 353 503 664 351 246 427 446 637 71 555 927 114 690 731 764 110 527 974 729 249 526 579 689 535 250 551 802 884 101 568 
858 696 699 690 685 706 711 682 692 704 703 698 697 694 678 503 610 713 714 688 686 428 677 701 710 681 691 712 695 680 707 689 684 845 904 687 679 700 709 127 708 705 675 68 150 683 676 647 433 702 693 940 140 130 642 601 894 337 898 864 987 340 363 266 765 197 654 172 536 273 6 976 278 193 491 835 92 32 631 672 85 102 438 946 429 423 970 28 310 107 
661 909 882 674 915 900 917 878 395 894 897 889 910 916 896 348 884 887 890 885 971 898 76 903 914 913 912 895 880 225 881 28 908 180 899 901 906 452 877 429 3 904 938 121 907 891 727 541 902 956 892 883 905 149 893 888 168 911 879 456 886 635 556 657 1000 562 694 918 588 73 34 715 247 586 408 734 722 748 94 700 858 701 705 123 87 818 662 602 680 132 354 814 324 242 472 775 
740 581 733 744 729 734 382 737 721 498 724 736 18 723 717 731 741 718 720 743 715 738 739 943 730 735 344 727 719 716 732 540 725 722 728 742 226 726 148 100 920 
105 91 97 111 697 93 109 87 96 92 88 99 171 712 101 90 136 172 108 95 98 100 86 106 723 112 596 103 569 107 104 329 94 102 567 760 110 704 206 671 674 451 975 89 715 837 744 885 449 876 619 770 279 307 297 350 550 456 945 367 919 
829 794 793 790 830 822 820 801 816 834 832 814 395 799 828 811 795 178 833 55 810 796 826 792 797 835 804 802 877 819 812 318 798 807 630 717 825 836 803 821 777 643 818 624 806 772 482 824 117 965 342 808 823 791 815 817 800 447 483 681 258 872 809 805 831 490 695 827 813 208 491 230 53 138 705 450 675 190 983 23 137 920 70 340 299 319 285 533 558 7 244 546 945 998 901 528 560 516 731 858 840 744 436 159 
661 658 674 655 660 653 638 673 663 652 669 668 646 650 631 637 687 391 670 645 649 632 641 651 662 672 635 666 258 683 123 665 647 633 359 656 648 634 671 654 639 636 667 644 766 64 664 642 659 411 378 15 657 640 563 754 885 79 643 404 58 905 945 780 219 804 946 164 979 850 904 963 17 261 24 855 286 143 
21 980 19 28 8 10 33 24 14 31 89 5 42 22 628 36 35 39 26 597 29 316 547 583 25 2 34 32 691 527 23 701 38 4 40 16 624 15 12 30 20 18 11 9 637 619 3 6 7 41 27 88 37 895 13 17 1 736 221 329 132 580 725 596 491 331 78 545 819 174 64 383 434 73 387 866 863 147 
269 250 258 261 265 271 950 237 254 253 266 421 683 248 259 379 270 264 275 240 241 984 239 277 274 532 624 952 547 466 202 260 276 247 236 298 268 244 81 106 646 446 267 257 243 943 245 273 168 890 255 885 33 272 256 496 246 676 941 249 251 242 263 238 262 278 252 525 601 366 171 807 140 325 312 613 805 9 611 591 2 543 488 454 529 514 910 459 7 28 634 300 315 135 515 714 524 522 619 34 959 545 615 948 535 694 542 504 500 6 199 143 
604 201 598 624 620 606 617 603 616 600 614 623 592 625 627 609 619 593 629 611 597 769 292 618 599 595 596 621 602 779 460 594 259 610 728 572 613 628 630 590 605 934 529 439 622 234 591 608 865 748 224 615 281 626 467 870 248 607 791 772 490 612 694 466 892 122 854 65 555 846 47 236 457 601 972 506 688 15 743 931 241 884 930 734 709 86 335 183 765 841 487 744 8 13 1 32 980 108 
537 425 552 544 545 535 548 539 529 532 541 89 542 101 551 526 691 215 547 530 538 521 550 549 546 675 528 839 533 729 536 527 531 591 148 325 60 630 861 540 543 876 865 212 1000 534 739 741 723 730 933 950 621 722 901 245 289 134 184 873 829 443 72 201 752 872 838 736 326 998 426 735 
422 415 409 407 368 402 412 394 396 805 381 393 379 406 414 400 398 300 404 345 380 376 395 386 383 674 397 389 410 413 411 371 586 390 384 375 442 891 401 405 113 369 388 140 392 473 403 367 374 607 250 9 611 370 408 280 387 727 940 385 838 377 416 947 378 460 907 517 695 373 471 775 340 365 298 382 477 399 282 233 730 366 787 372 391 434 23 971 432 481 339 837 722 688 31 582 101 71 47 905 429 443 853 146 612 438 448 640 725 700 356 903 890 879 914 308 450 648 216 319 301 281 681 439 27 436 219 636 664 155 649 650 321 332 351 359 186 63 36 41 33 255 425 742 447 659 244 253 496 265 260 856 114 953 201 309 230 235 585 670 675 818 428 133 774 188 988 996 128 860 125 427 259 242 131 431 702 928 209 921 210 852 575 957 313 449 773 
67 51 43 46 62 80 74 952 83 48 545 829 75 50 52 89 55 66 69 64 63 44 85 54 81 82 979 435 79 807 84 695 59 60 76 148 57 45 47 73 71 340 58 204 77 710 735 72 739 70 68 56 65 363 49 61 78 775 22 53 929 852 698 375 881 324 193 421 779 891 382 178 373 177 963 926 964 922 130 128 219 208 227 639 648 950 448 549 116 532 264 273 748 940 595 728 678 894 893 3 147 302 825 318 294 445 913 212 703 974 170 501 997 250 732 664 234 197 258 912 806 792 191 182 528 215 851 176 720 721 640 981 743 
571 554 566 557 589 573 580 558 633 568 574 577 735 559 569 575 553 848 585 584 220 630 562 578 355 576 570 572 564 582 579 565 218 587 586 555 583 905 393 563 560 556 588 149 581 324 458 843 841 561 798 567 181 755 818 11 298 337 356 766 670 248 997 748 774 596 65 59 992 510 612 310 831 551 782 450 707 10 
755 784 767 776 759 786 750 762 745 753 746 91 756 134 768 771 778 789 55 534 752 751 761 774 36 781 325 787 754 782 773 827 760 772 783 747 122 657 785 780 779 775 763 504 757 460 928 749 758 770 152 587 404 902 777 764 769 371 765 930 45 788 708 618 585 956 645 748 431 719 459 135 766 540 682 880 722 20 831 71 714 250 22 329 308 541 971 648 670 643 347 280 215 211 399 626 687 688 490 659 819 918 938 601 879 705 679 724 656 835 291 33 629 205 608 14 176 521 995 
139 539 143 
330 858 333 347 323 322 338 357 362 360 349 378 361 87 336 334 928 328 364 359 325 363 536 320 340 984 957 335 346 351 321 327 356 463 337 324 343 864 341 987 344 551 738 342 910 365 354 355 326 353 873 916 350 331 61 398 348 329 358 693 451 477 595 345 561 332 339 352 706 601 541 667 292 901 71 886 281 457 933 95 823 813 495 927 82 538 222 545 220 175 182 468 639 860 535 301 88 176 718 
868 551 847 860 724 856 857 854 863 861 851 850 842 859 890 844 864 843 866 853 869 840 839 852 838 837 875 511 858 865 106 63 135 102 13 841 628 871 146 523 194 862 874 535 830 867 134 924 701 128 184 876 855 848 821 849 533 384 870 873 229 845 152 872 846 585 966 57 561 449 90 722 325 29 181 65 9 646 950 965 466 346 141 564 570 713 983 514 515 507 484 494 99 393 397 374 579 293 492 554 247 583 312 972 
512 522 497 502 499 518 508 814 201 492 509 506 511 510 496 505 520 525 523 199 507 513 493 515 514 501 521 517 516 504 498 503 190 495 240 500 491 494 995 724 112 524 519 704 85 708 539 876 244 646 553 930 903 152 372 624 937 
171 355 93 
