-0.6008277423643908
-0.30378311407584085
0.22194705703526765
0.07717013870956449
-0.010948116883395455
-0.31982216462073465
-0.13606725205005757
-0.2052640469825045
0.21246922250008637
0.04712929683243626
-0.5977785622837954
0.4492183385805971
0.25797089558219394
0.4017374637665381
-0.19396167868229855
-0.49513469847567976
-0.4187293047417659
0.11070347026893758
-0.8266560471515502
0.23921682198686928
-0.06830588624887449
-0.25391907291568394
0.09465860855820196
0.011224053446678423
0.16841952684008765
0.23443181999297055
-0.2083278161147228
-0.14725015384283044
-0.48034601348353195
0.6263314622455185
0.10288837893871902
0.00413924204619255
0.05211621537860884
-0.5521938972989064
0.24367858613271173
-0.1941458763368544
0.029327871995542005
0.33840204701139853
0.08628402621334517
-0.21464057748874704
0.15525448911442924
0.032982413686767756
-0.4177833019818368
-0.5956287186870756
-0.009916388711395975
-0.46908627322165447
0.361150751065895
-0.02502277641837482
-0.25617544012797544
-0.08688641219802656
-0.5040749310681973
-0.3300658926924585
0.30864637622650704
-0.18608940932951068
0.5450192379061073
0.3168268066867033
0.16256746941775727
-0.37368371330575123
0.03983616057551025
0.16245534093200475
0.01408799434657889
0.020427090551930663
0.22883277137867108
0.6852885217334799
-0.34919932230779777
0.09622096033962516
-0.08019974261817156
0.28856003995155693
0.031914340455061196
0.1844602649515525
0.14855120879207473
0.18628416356741484
0.21435905134309707
0.010784683987822426
-0.30144639925308925
0.4438859000854436
-0.141722324962961
0.1929933245506546
0.2718119984032713
-0.3834183222106994
-0.023687307289413307
0.0425887090765058
0.5010307614645831
0.536970505688331
-0.4215487281832903
0.16774990151254734
-0.02436873276351127
-0.5712841367131003
-0.14878839417996345
-0.027393326774807072
-0.0175925230203669
0.5375147174948026
-0.7481381152614428
-0.18332060090301477
0.1544859474107682
-0.31586807531174776
-0.1477482078874075
-0.20424678743668723
-0.3299827414510123
0.18889149808858918
