0.9941567685878295
0.9743447733596386
0.8427548822231249
0.8653290422203787
0.9233650710689152
0.667100704646188
0.5225506570390382
0.9535580269565055
0.8734986367317776
0.9085738974525892
0.8195907805906119
0.9899746090828538
0.9551480366065659
0.7758539931516291
0.9675512513625975
0.9623550739005203
0.9913161066182594
0.971546103143171
0.9931383119673493
0.9795033958297662
0.7843958317384042
0.8190768850197393
0.9534581765570198
0.9025054002261789
0.8844577478168076
0.6212626033299318
0.9040599414693964
0.7176723647427374
0.814376949197361
0.9316784757637111
0.9416370419841227
0.8001004463295184
0.8528912135855838
0.9953749744532744
0.842463697846357
0.8393475903016623
0.8246506552271359
0.9871052641215892
0.9216653637319797
0.6848649566934537
0.9501049015299128
0.967534813367381
0.9791506904143261
0.8355542470902801
0.855430562577529
0.776431992617347
0.9398360492943885
0.9176541313965133
0.777454300962344
0.9993813140236899
0.9407073337381175
0.9183706692695797
0.940316913783942
0.6418567392957802
0.8105377936540508
0.8465459058832362
0.9477159022531166
0.9533587539791079
0.992127140605237
0.9776347484285225
0.9590723879239017
0.9164710537104904
0.7347335888869503
0.9754836434479821
0.9335671369859541
0.9180211068687525
0.861447832523527
0.8377513851577646
0.9338087241370202
0.9503260478679249
0.8438701529980369
0.8916928310633151
0.7425402561699651
0.9340497290788271
0.9668726079144806
0.7714927248199528
0.8302523073549615
0.9812238361905179
0.846578047517845
0.8415295260694944
0.9554938047393071
0.7962138756944758
0.8887362135261312
0.9725868497865663
0.7117193366809376
0.8733871846812633
0.8601510845322196
0.7660807196417432
0.9319380623954602
0.9398807119189253
0.9801532194583689
0.9588992863822734
0.9149652173924309
0.9175431037082551
0.9400366013444724
0.8949298498810749
0.7583608707715505
0.8772769681493715
0.7999791778999664
0.9996707945767491
