1 2 3 5 6 7 8 10 11 12 13 14 126 330 362 431 4 339 206 9 487 81 217 89 20 495 
4 21 24 27 28 30 34 453 15 16 17 19 23 29 31 33 35 46 26 244 466 18 20 22 32 36 59 492 38 25 442 216 163 359 437 349 90 195 63 
26 491 37 38 39 43 45 47 48 49 50 51 52 41 42 44 54 55 56 40 46 53 66 184 317 383 403 422 118 127 363 478 439 385 65 344 459 222 
44 58 61 52 57 59 60 62 63 64 65 67 68 69 70 71 73 235 66 72 279 499 177 404 154 166 460 496 360 297 419 284 289 
11 74 84 58 90 75 76 77 78 79 80 81 82 83 85 86 87 88 89 91 93 94 95 97 98 99 100 395 92 115 190 195 96 128 402 340 172 380 247 313 421 109 251 217 406 213 
5 101 116 121 124 125 37 119 48 105 82 110 102 104 106 107 108 109 112 113 114 118 120 122 123 103 115 117 398 284 111 275 403 195 429 492 230 137 380 182 319 472 
26 129 135 136 142 143 145 150 174 247 82 139 89 144 98 125 323 126 130 133 154 127 128 138 140 146 147 337 429 137 141 131 132 134 148 149 160 173 277 377 217 192 435 279 398 212 300 328 
12 153 34 162 165 171 300 110 161 164 113 166 168 126 159 129 157 167 148 155 462 151 152 154 156 158 160 169 170 172 173 174 236 487 163 473 262 369 428 429 465 192 332 389 199 355 408 458 
43 424 54 179 79 176 175 177 178 180 181 182 183 229 304 399 275 361 380 450 189 249 184 216 292 403 311 
5 192 198 36 191 201 54 193 60 196 200 70 195 197 171 174 202 186 207 184 194 199 204 185 187 188 189 203 205 208 190 206 391 487 424 404 
46 217 72 222 83 223 314 95 145 210 212 214 99 366 134 216 185 215 205 219 209 211 213 218 220 221 422 245 327 389 431 483 228 445 372 
26 231 233 235 237 36 222 229 234 238 70 226 72 214 75 236 96 224 227 228 230 232 165 240 166 202 225 239 206 449 460 362 346 476 425 464 
2 245 249 253 257 13 241 242 243 248 250 254 19 260 36 247 37 134 263 60 258 259 72 252 102 246 126 256 261 403 264 222 225 251 255 262 278 284 479 244 428 497 315 467 296 
36 272 281 43 406 111 117 276 277 279 265 266 267 278 280 282 157 270 244 274 256 269 268 271 273 283 328 350 275 294 333 436 284 380 
15 285 286 290 293 296 299 300 306 307 488 17 298 64 76 295 84 291 305 113 289 301 303 126 302 304 143 251 279 287 288 292 294 297 317 411 429 458 466 500 493 334 
22 309 310 316 319 320 324 29 35 326 38 313 69 323 102 275 315 109 318 117 312 160 321 197 311 202 221 237 274 308 327 283 305 317 322 314 325 328 449 453 379 
2 331 334 338 53 336 69 202 330 335 120 343 182 329 333 345 187 344 438 189 197 337 339 342 346 400 207 213 341 244 262 311 267 332 340 374 279 284 490 379 376 437 462 449 
17 348 350 353 42 351 356 359 361 362 366 45 216 244 355 72 347 92 364 161 242 349 352 354 357 189 365 358 360 372 476 450 363 463 401 
9 108 331 367 368 372 373 374 415 35 84 381 36 43 375 50 380 376 377 378 379 437 90 129 167 225 282 371 436 438 370 363 500 369 
1 392 403 16 406 46 386 394 409 50 401 53 393 395 398 405 69 70 389 76 385 106 410 112 115 383 123 298 154 384 167 388 184 390 199 391 408 217 382 387 270 321 397 402 396 399 404 357 407 358 380 400 477 499 433 
20 417 431 25 397 399 414 419 427 428 430 433 56 415 423 435 438 145 413 173 412 421 426 434 183 184 418 422 189 339 364 432 372 373 393 420 416 424 425 439 408 411 429 436 440 437 
32 441 442 456 37 279 446 448 454 457 53 447 451 75 84 257 455 91 450 100 141 209 212 443 243 341 467 445 458 275 444 449 353 424 453 317 452 496 
19 473 22 466 467 468 470 478 30 59 391 472 476 477 66 462 111 465 469 112 474 132 459 463 148 184 192 329 461 464 252 471 475 279 290 383 437 460 
48 103 104 368 479 484 486 488 490 494 498 99 335 362 495 499 370 496 111 481 483 492 493 137 480 489 160 191 487 244 247 482 491 283 334 485 497 397 431 500 
